,K01,K02,K03,K04,K05,K06,K07,K08,K09,K10,K11,K12,K13,K14,K15,K16,K17,K18,K19,K20,K21,K22,K23,K24,K25,K26,K27,K28,K29,K30,K31,K32,K33,K34,K35,K36,K37,K38,K39,K40,K41,K42,K43,K44,K45,K46,K47,K48,K49,K50,K51,K52,K53,K54,M01,M02,M03,M04,M05,M06,M07,M08,M09,M10,M11,M12,M13,M14,M15,M16,M17,M18,M19,M20,M21,M22,M23,M24,M25,M26,M27,M28,M29,M30,M31,M32,M33,M34,M35,M36
K01,0,0.0506210049395895,0.0415372704095694,0.191157883149431,0.121299623947436,0.148844724273914,0.0579576045323487,0.147993120869448,0.0390773863382126,0.190712853348549,0.200001028527964,0.220670682065162,0.305799522723231,0.245643804879625,0.194788655718031,0.214327615350426,0.224416492607752,0.246780068042435,0.193666908076735,0.192903772705125,0.229255426026159,0.212454702426718,0.153720133798377,0.15283762077734,0.145892153789819,0.149457767939518,0.248605765120506,0.157680632413653,0.199308113792661,0.185245159967254,0.268892269412786,0.177111411399028,0.218252539063093,0.308469432251227,0.272639292684841,0.306411900203084,0.317155762551747,0.321897131626772,0.356008818306915,0.400227753871591,0.333269121888018,0.271654544039419,0.267939819580946,0.251825133460501,0.277092573854142,0.35766036949683,0.282964067647416,0.37326704758401,0.383409667400866,0.327776799396146,0.418969087093632,0.412232308403905,0.320896904409438,0.317302408991527,0.41752852898244,0.284773063213901,0.284622709883781,0.600833337868598,0.362641245980609,0.329971545524614,0.363502470477729,0.301621008474465,0.309281042622638,0.33968335365488,0.325896944418137,0.319098742821277,0.246326888055171,0.328644293538004,0.236947107135656,0.259273571006803,0.262040905420588,0.281585716404905,0.341445203000936,0.271570672630224,0.247712734823022,0.456930813940266,0.397570650722343,0.283453480442461,0.259475822434364,0.299764587028993,0.299958564586267,0.424903020304707,0.372424065564445,0.457350971542229,0.373250887501404,0.446009666832816,0.492386493718073,0.365075690908059,0.341350652714914,0.278236301786988
K02,0.0506210049395895,0,0.0447497069741503,0.167515894322805,0.122517697924984,0.193119638483659,0.0732121661073816,0.146385157672415,0.0467266455541986,0.115540751453121,0.152899571643152,0.167717693860222,0.32581582536279,0.186114067307277,0.145782108500711,0.139223259149632,0.168174788117882,0.136423488397757,0.144281430415893,0.176264309301373,0.148717606452121,0.171411928602828,0.127672095717366,0.154231947086236,0.1314678733052,0.162269141601749,0.23313483465537,0.121069206088229,0.165504506238567,0.125078032721071,0.244748372442871,0.134297687705091,0.163941891287949,0.216679535229962,0.232855776469821,0.262865542884649,0.248069492319996,0.290570482575019,0.334159599710974,0.341061899831604,0.27700604385385,0.246994416561929,0.22750449033873,0.265435920896519,0.230748876849679,0.323149162352607,0.279052318207686,0.333571650290201,0.329761831064178,0.278810579516075,0.348259457724373,0.397855568886288,0.290853143029234,0.252433209550486,0.326158395509985,0.227818757804784,0.240968225225679,0.469851629113188,0.314443475237851,0.287310655737481,0.311688597952728,0.24747791964315,0.245663897009467,0.268109764611515,0.284550423477795,0.24117731477104,0.178990828611208,0.22850670689796,0.168051644321754,0.190744805501283,0.171495513800369,0.229318383306121,0.198130008271719,0.240238775837734,0.190990458262014,0.330758308009836,0.317987640077675,0.212476525886754,0.196652994293334,0.245110016190422,0.246793235514056,0.413074946266701,0.284493742384169,0.468666115353081,0.297689135299806,0.378666367043335,0.419903569662077,0.28567041271179,0.259741682847133,0.224403219995794
K03,0.0415372704095694,0.0447497069741503,0,0.166212504998443,0.0997452628848655,0.142419658689492,0.0585395560176145,0.113105937950724,0.0407170871384733,0.147669867826679,0.170174280058991,0.164520652330987,0.328451312518174,0.194990420086793,0.141966269395764,0.154990927700409,0.176290923294659,0.220962579720026,0.130811778140801,0.154453120627758,0.11882161405109,0.170437091394501,0.118510131597114,0.121988023128603,0.125664710078565,0.134890282957196,0.220899882448112,0.133881275165939,0.173208913551183,0.131837405894657,0.208578378788396,0.13309803361804,0.158777280001205,0.214460733765039,0.190774968607597,0.237802656378443,0.269516452539813,0.289839089467085,0.32974758814833,0.303137382706901,0.251339752013811,0.266954995635432,0.243492849227582,0.297025257803807,0.257797830465425,0.225719291009023,0.215752081097167,0.276602338278119,0.2711720572574,0.23660471205665,0.290733481595232,0.338614687041229,0.31580413059622,0.242345187690973,0.367301298682083,0.23889605341349,0.23279357105326,0.42134484154925,0.318457521194315,0.315804637334119,0.324796000089652,0.259171278996722,0.262586317747139,0.242344058443668,0.265447355654507,0.233214340804083,0.211973346239488,0.260526588755227,0.201642026188768,0.204969058012728,0.211370116573331,0.250774611037466,0.31113087560099,0.20943306044585,0.254899341689323,0.389390502012726,0.347123719963977,0.244174340166003,0.237563031750796,0.279994210967521,0.327381191305018,0.323088965034009,0.253035913912519,0.382613693871206,0.284652910808428,0.331849151697932,0.387246278380123,0.28754032889159,0.264993758583455,0.224475646199242
K04,0.191157883149431,0.167515894322805,0.166212504998443,0,0.136017344943674,0.147536407766703,0.17307772854811,0.194719394435244,0.154337675887936,0.252420919027674,0.273449509985337,0.27607156271123,0.279651046757723,0.297745730138424,0.275012000633797,0.296331131323089,0.292689879045656,0.246719987342059,0.274541660729881,0.269700523507704,0.293557000862916,0.294999698037576,0.244305590037271,0.267604789275319,0.241975627403444,0.255052377595877,0.356372772692617,0.292479361514016,0.26831572248331,0.262555464440068,0.294568223523249,0.256685159698583,0.276128696101562,0.314818322734134,0.277864613046809,0.275659949423836,0.352256567807072,0.378939143903266,0.418430791276788,0.389478137521088,0.336524445543552,0.379309194168714,0.342671281444791,0.427088674015533,0.353189941188678,0.409917906796472,0.349857660889895,0.411728314703146,0.442467662022642,0.383901396926709,0.480622212486092,0.537774636189608,0.454953687710551,0.379704784526081,0.50437496877447,0.437447831483141,0.38680988795534,0.583989275520098,0.469604260104914,0.539345872566655,0.54824357650657,0.529760096088567,0.505705162158329,0.354117830441303,0.355192058099074,0.344015964130424,0.294348435453246,0.319901475340333,0.321621316524578,0.299760003339749,0.318725184037794,0.356182235185249,0.489490792144697,0.429556173348029,0.556947190325215,0.586242592956229,0.537956877860009,0.471170463157887,0.59631516222126,0.500407638970904,0.603131183070098,0.451668228568175,0.383033757949007,0.578148685749618,0.403633847766992,0.487993451434685,0.535159583909593,0.382371374999938,0.366801528841802,0.308032058835736
K05,0.121299623947436,0.122517697924984,0.0997452628848655,0.136017344943674,0,0.131964635174806,0.0989039784155596,0.177780105282297,0.0976655461977037,0.192751504402397,0.22311622616037,0.217667331496915,0.35003399394434,0.235839082844161,0.19913887234243,0.222100008342878,0.213985145829191,0.267221420944429,0.243632875004954,0.254208803722615,0.265841073123623,0.271301971875641,0.225346669260794,0.217725533704,0.227235336651703,0.250335214642449,0.281270501171139,0.184914774703439,0.212041361878264,0.194169155494447,0.216933656567956,0.198972549087867,0.21042326365663,0.245133176198314,0.251036044336117,0.237566135527286,0.27212677939001,0.32613308462159,0.357848896194003,0.328826122148923,0.30121018339621,0.29029422813078,0.271131237817226,0.311304008923209,0.283561046868033,0.38426126508034,0.320606689747832,0.350189803568914,0.384638960171769,0.32343067332232,0.383677400389776,0.411642972863112,0.349671801922869,0.291103651786609,0.471911828486558,0.387462411108241,0.322446142150154,0.566166065011328,0.424831501933233,0.486287185642608,0.486400615876417,0.502118004965875,0.449743770098246,0.301317095609701,0.309837529832287,0.286430810375534,0.221326448976336,0.283479316899232,0.225581168557789,0.230537768687209,0.242766915515806,0.263333325138012,0.342560252368743,0.358957766676479,0.498773818462575,0.470165201510395,0.459215349832169,0.408202140936739,0.566359385796552,0.485343141215122,0.574465440189183,0.409774441899493,0.330217837518391,0.496581473098012,0.351669926672222,0.401671454707672,0.444284217936845,0.332058814558692,0.31808293527241,0.265214094436085
K06,0.148844724273914,0.193119638483659,0.142419658689492,0.147536407766703,0.131964635174806,0,0.154897663666101,0.161097987546795,0.149893755778891,0.228089831963606,0.295549790724862,0.28216587696465,0.362545623114003,0.309937422162428,0.269434733091495,0.2660503657379,0.290646573763977,0.347152717339873,0.282797201354187,0.262595611020064,0.252493061458025,0.307297633856402,0.265915437926673,0.22976989042209,0.232191350002004,0.232879359292664,0.340790171712848,0.258032838824251,0.263434604575782,0.232616611686995,0.310628622367389,0.24287202715859,0.265969527460034,0.298697283031074,0.317271697549147,0.270326914606309,0.339995514090633,0.394610586045447,0.46143120771146,0.427418287606345,0.36742590839965,0.36854780616703,0.335849619169704,0.445665508431913,0.352505947116796,0.437457531596914,0.365250252650344,0.422253998298473,0.438153595414502,0.377052247983046,0.492347835809504,0.505611430853434,0.463816270166304,0.355746256058418,0.52559226965452,0.417138272821814,0.388492157036801,0.644213488268247,0.485741666303732,0.504103274357628,0.486506251389803,0.437932287356229,0.439109632128062,0.3867481720884,0.408602969712445,0.365032616695414,0.308032080604236,0.360349116209249,0.326646596362705,0.325755282504441,0.334524986238924,0.35962698753293,0.487721592828089,0.355998398548094,0.442226422891338,0.585026180297598,0.507966455718693,0.429148913603227,0.459723932830285,0.445685008039806,0.512244867302012,0.466282941852892,0.425384476989481,0.559592784700162,0.423649910536196,0.467915721567845,0.53847456833007,0.414305026991254,0.373282251992508,0.347259978602453
K07,0.0579576045323487,0.0732121661073816,0.0585395560176145,0.17307772854811,0.0989039784155596,0.154897663666101,0,0.0623360759365235,0.0559647606896401,0.163822642465705,0.168912852093728,0.167885580558402,0.326754224535218,0.20030875265441,0.154913293175203,0.185796044940919,0.182866771621774,0.221299922540789,0.172356628722415,0.211784719206062,0.17496044873097,0.192737349192785,0.142260353190004,0.173309892639539,0.155197086041148,0.191700654279498,0.232860041989321,0.133395407709096,0.173050442477488,0.163019164199381,0.235036307495001,0.156127520460702,0.189957325613214,0.273546349972242,0.216298848344002,0.272733368577697,0.263335885540738,0.275211910975551,0.309681727966726,0.288572034378653,0.258290330762896,0.253358419774296,0.208348604029684,0.262319533696199,0.233058795339508,0.212934076837445,0.216407366762529,0.303371595033762,0.267813473738317,0.243244002209729,0.316320902133388,0.354964405008952,0.329810778111623,0.249764449414698,0.365723958064711,0.249071935295165,0.255443050572976,0.37188330786487,0.301696565853413,0.299977164920304,0.337216582483072,0.264891659184016,0.270844441554401,0.262019649769213,0.273371912549787,0.249132943430456,0.209728685091499,0.272335431720646,0.194069694342253,0.213415817270028,0.210440838698534,0.234798846719535,0.286786818983401,0.204654842646842,0.210670271098548,0.358717330754722,0.356932075131848,0.224715504814215,0.239080032760492,0.278206545656159,0.292726794029767,0.333354263333837,0.288086583449422,0.357258592820944,0.296280142290763,0.357533935189856,0.387921190790589,0.286353196627607,0.281325833783841,0.236955839062555
K08,0.147993120869448,0.146385157672415,0.113105937950724,0.194719394435244,0.177780105282297,0.161097987546795,0.0623360759365235,0,0.144019959072419,0.242927982252399,0.273923062218968,0.267004353453702,0.327684622237893,0.283629078395551,0.238135478634471,0.26254869409246,0.28968015789498,0.270947620326243,0.233038916936678,0.254574450195714,0.269300896633428,0.290016093596982,0.220060209082368,0.222976904145708,0.26057116412326,0.245347279465184,0.32806299639709,0.212191219201028,0.245668087248514,0.217813888441623,0.354702006587586,0.247777925236027,0.281402732090164,0.369481866527275,0.293785397063493,0.393794516511972,0.354711648790649,0.365370377731179,0.448071425979472,0.40718074972651,0.395880041556985,0.368628551246792,0.321981166664608,0.362369646920362,0.350831680885089,0.405782868659983,0.364141310452545,0.435200800250801,0.405995291012815,0.362480682301452,0.447498564412387,0.491283151543165,0.45309487723707,0.353304678577101,0.435873051322319,0.31205446314595,0.354844788336534,0.448681127597753,0.35887467639597,0.38715542873583,0.43765130799013,0.357050029603271,0.400166479921294,0.403310208284335,0.390611421358007,0.37080356450583,0.341227644517292,0.350284178457542,0.302048471166325,0.333299387487819,0.328972631468772,0.393448109413044,0.452971918766821,0.345233282214341,0.332051154340179,0.521050775557324,0.466656588740966,0.365673290249863,0.353935916950998,0.382358067819134,0.404226326923745,0.477182186733156,0.419963962187721,0.527809159244296,0.440031071030062,0.512984058644689,0.508184697318626,0.410306876382239,0.392716419800815,0.378932862562599
K09,0.0390773863382126,0.0467266455541986,0.0407170871384733,0.154337675887936,0.0976655461977037,0.149893755778891,0.0559647606896401,0.144019959072419,0,0.144395883285669,0.184635090661255,0.183431657628471,0.336759204259573,0.226645833862177,0.183941547689822,0.210822983492063,0.220946839128225,0.233615077152846,0.185026692015167,0.227808890568256,0.208573895263217,0.183302887293448,0.145886214743915,0.170992099586432,0.133181086296216,0.179615660990524,0.235704557683775,0.180700530232834,0.20359596700826,0.195584217229079,0.256647425179191,0.17578995877751,0.227612780028368,0.316516491384259,0.239229631453404,0.322594180578259,0.305871631310409,0.316639035422211,0.382966939543359,0.344923884303707,0.287321505876597,0.28821227493221,0.300723984316259,0.309420013409046,0.293943660396319,0.316681873823487,0.266958460661636,0.308705422607091,0.314635318533406,0.272076820373313,0.345600333494743,0.390895406584487,0.340035976575296,0.269241122007212,0.423181152115683,0.33040781441863,0.264644052748363,0.587696635258522,0.349486212031426,0.39007306234642,0.388136796344765,0.389268364643553,0.340646143817378,0.291398344467898,0.303454407142204,0.297611323228806,0.273701532250241,0.26218505220721,0.252408403623657,0.267193268869152,0.258141378145862,0.315116931165609,0.338640190230902,0.298656196183038,0.346065800552955,0.463234730631892,0.411768070642455,0.303646094377275,0.409051187790577,0.366648133131843,0.398657120534513,0.37891797175706,0.319054245700492,0.423289372406871,0.339585974516643,0.407307878571615,0.446136645997125,0.331377457387364,0.295747511177114,0.287532024963456
K10,0.190712853348549,0.115540751453121,0.147669867826679,0.252420919027674,0.192751504402397,0.228089831963606,0.163822642465705,0.242927982252399,0.144395883285669,0,0.0647853840480099,0.0459444250333963,0.237484022819014,0.0936272205129773,0.0659349943271724,0.0531146236169192,0.0683922159307131,0.0514535628749716,0.174690806819755,0.16369650275845,0.124161124580662,0.190485727703722,0.132878917269869,0.161325516639691,0.174542964700781,0.187408787563624,0.260406632595836,0.0931601680499617,0.14504109695163,0.0927673688035393,0.112082136283827,0.0677989863614951,0.0933683618088213,0.112974548494166,0.0936526030284199,0.139877343813023,0.17271866877147,0.169352060389998,0.167336961811514,0.287591135935247,0.188146112044407,0.20184104000478,0.215766241307207,0.300551019697427,0.215005721728727,0.228350197354787,0.200042139878596,0.177296865676123,0.188988182764124,0.168962636932154,0.191268288816992,0.244585301300678,0.235710196158159,0.165511428213457,0.292411271285715,0.378778883618629,0.285687559908672,0.501918586599296,0.34714303990662,0.449427763172893,0.434274194914769,0.435981951479867,0.409062152092962,0.155596468941257,0.175335993736931,0.16803775755266,0.131109351376803,0.188470426408967,0.142187327570777,0.123543337079586,0.143507031949425,0.140547555515484,0.342274050792601,0.2825140834259,0.348272423872491,0.329571027013494,0.36383756734327,0.289246186118147,0.369322333813277,0.354261940382439,0.395423036371829,0.245293048105652,0.182950025541674,0.352858056788524,0.174880444180189,0.21646149956976,0.254172904790056,0.188099833427008,0.180900690912487,0.141835916680811
K11,0.200001028527964,0.152899571643152,0.170174280058991,0.273449509985337,0.22311622616037,0.295549790724862,0.168912852093728,0.273923062218968,0.184635090661255,0.0647853840480099,0,0.0656469553303233,0.185618137751538,0.107956508764894,0.100162221038461,0.0768201275003215,0.0883847857429891,0.164159752075064,0.205659353455942,0.20640394397605,0.150120576325904,0.207439986109791,0.180566913773254,0.208851715946229,0.169060234271748,0.196077015782186,0.251923865768611,0.118861215807153,0.13961529201016,0.109729071611968,0.130561190437412,0.100835958285919,0.121317089652333,0.142602958153979,0.14106620668513,0.13348555639437,0.230901270830561,0.247007540234445,0.298484129606841,0.320168174483939,0.231012809744746,0.243863934433681,0.202698827442676,0.344535041731564,0.248538503706349,0.210207171488405,0.205942390313744,0.19385934617352,0.230904671623857,0.23182675390325,0.234665204611417,0.289873082617066,0.291950979617369,0.17393770966641,0.42136018871102,0.398905802750109,0.271742996505981,0.558556874312583,0.419985703508392,0.499134430216965,0.459816630909587,0.477805875922823,0.444011571103534,0.200221028230346,0.249541564896342,0.172504153803319,0.148331863443875,0.217901865410245,0.162531046810422,0.151519627030567,0.145815696075118,0.182919301965259,0.406773400025065,0.332371966592371,0.448640506771751,0.478999923514209,0.462659219260028,0.373626641976859,0.484897565421464,0.42904863853967,0.499598804412661,0.319922558385821,0.205418702622053,0.474174591678635,0.198454507601563,0.244011115278474,0.289337806389072,0.234808731639678,0.221577463973369,0.171322947673203
K12,0.220670682065162,0.167717693860222,0.164520652330987,0.27607156271123,0.217667331496915,0.28216587696465,0.167885580558402,0.267004353453702,0.183431657628471,0.0459444250333963,0.0656469553303233,0,0.116998143158787,0.10544528621198,0.0783217574552304,0.0657947786204773,0.0735307800703314,0.0599198225294369,0.190819219014357,0.200976784233387,0.169624413744532,0.219169423382584,0.179813210093057,0.217222326797548,0.202522167915488,0.207809264957875,0.260614772932641,0.134495667032826,0.130106196038219,0.111113361097223,0.0964846271241597,0.0773708905037771,0.103190159016939,0.124233671292761,0.108526290631228,0.112078623282379,0.203274031596411,0.237095474574038,0.292560049568492,0.279260527879022,0.207154973917075,0.225313561869956,0.234878057264622,0.329738290340513,0.246120132469923,0.221142887153299,0.2126531825731,0.217621679625353,0.222186662989649,0.226506893822855,0.268261351956881,0.287285728278498,0.282108619916951,0.18591829201888,0.38740387902309,0.399018498544134,0.290320173251836,0.674399849324793,0.401505873606776,0.509882887530258,0.459270909081098,0.475522995981097,0.451875698706495,0.211598141161712,0.228927094986787,0.201080689433053,0.140583940342808,0.216075351385627,0.169965710850471,0.131057468422731,0.160007578028824,0.180027442815269,0.38632043591198,0.290487955941415,0.419645248214658,0.419955429195942,0.438442420525275,0.333989725032764,0.445897103961408,0.386481779644849,0.473567713370223,0.288234078291287,0.207840309380112,0.463919152816432,0.209202999226609,0.221654225572758,0.282550187985024,0.202195830138607,0.194785137145693,0.162571935706271
K13,0.305799522723231,0.32581582536279,0.328451312518174,0.279651046757723,0.35003399394434,0.362545623114003,0.326754224535218,0.327684622237893,0.336759204259573,0.237484022819014,0.185618137751538,0.116998143158787,0,0.229302487755051,0.269798174391419,0.177256599146555,0.20828154050363,0.211737374207517,0.355747932563854,0.377615200962226,0.352532050791136,0.269392212663716,0.31401549569801,0.405660033813976,0.255083256524401,0.408715486453064,0.333294893897392,0.296157787513264,0.165913601140299,0.165695054797481,0.21590916827143,0.312604487126408,0.302698702085336,0.32297413961108,0.200557889274003,0.226287819137385,0.383136044251902,0.399337646177853,0.479039081807444,0.509553111727094,0.43082689526934,0.452703669920719,0.326874558602274,0.460300645638385,0.376071462598055,0.327574052097047,0.331171369620218,0.402394104793319,0.324051008726014,0.376097469276517,0.459177763457307,0.47458719816496,0.520434052631117,0.396125193363731,0.519118363462545,0.498521080553482,0.394596422537034,0.790066365486316,0.583080151832522,0.667420120208617,0.641424745731333,0.605693579739007,0.629022039229934,0.298224095038824,0.333593707474816,0.356462853533356,0.326908857841206,0.306271805846501,0.349941115307718,0.321755077770607,0.362516026646841,0.399253932634413,0.519543673383749,0.525608064721876,0.610849013392232,0.596559219277619,0.587273101621418,0.493202928347199,0.696577435456944,0.570789512866007,0.643862178644481,0.455099097598085,0.331523106744597,0.64714342104139,0.40427387598441,0.494512094012385,0.492257329699803,0.387908508196921,0.388293108938963,0.368158714827602
K14,0.245643804879625,0.186114067307277,0.194990420086793,0.297745730138424,0.235839082844161,0.309937422162428,0.20030875265441,0.283629078395551,0.226645833862177,0.0936272205129773,0.107956508764894,0.10544528621198,0.229302487755051,0,0.113127532618465,0.106903342362961,0.119100791703745,0.207370629208154,0.186070023014203,0.240723417948914,0.159827277053669,0.222705584721518,0.20998023928187,0.241438411693053,0.196734420665514,0.21854633437597,0.242795574203387,0.162757178998329,0.180181986462635,0.127752173136069,0.128925456464756,0.119837653311867,0.126886114580807,0.167359424244994,0.150341635183933,0.192691079352222,0.239096303583149,0.287649282915019,0.36190554507694,0.35140915924251,0.27703390021386,0.29276379635376,0.2418409647533,0.36945080454445,0.2643984310844,0.239928532384962,0.245744670794847,0.224521299811053,0.249680336065148,0.262845366179141,0.273270238385106,0.306809553310653,0.306151348888437,0.19407042115339,0.469447980976292,0.435424675826632,0.329038392720044,0.528781897932034,0.473443371213241,0.553132803796237,0.502758249867429,0.516323126107396,0.498175090248479,0.250180848134078,0.263162470477299,0.237232343563111,0.174377704844812,0.227926893463707,0.203252183874766,0.187931962645406,0.211198901368872,0.226912851351693,0.448874931108065,0.382493278886914,0.477624020324989,0.48390167742207,0.493180380206654,0.37740973460355,0.494943717110389,0.474006166094135,0.524348861138496,0.306843240135969,0.228890196368032,0.520352269577863,0.215112205380118,0.265662378674349,0.318835638759379,0.218468749145641,0.221698044033286,0.204454434992931
K15,0.194788655718031,0.145782108500711,0.141966269395764,0.275012000633797,0.19913887234243,0.269434733091495,0.154913293175203,0.238135478634471,0.183941547689822,0.0659349943271724,0.100162221038461,0.0783217574552304,0.269798174391419,0.113127532618465,0,0.0738718423468736,0.0973060469014247,0.151932998439735,0.199482404610638,0.220435731889703,0.181113392050019,0.213018223425537,0.175760310491982,0.198615923533723,0.182363918794685,0.200525064564321,0.266818273696663,0.140154376458278,0.143493350743495,0.10787814578334,0.126442884341708,0.100117567118245,0.102766639191287,0.141649615994038,0.142128984933775,0.156168752993736,0.234105765336921,0.265681611649317,0.337197525053772,0.333848174312621,0.249292042918283,0.259847161918323,0.213026820822676,0.369137963813379,0.271757114113558,0.204345150171751,0.210699020215358,0.220675110918055,0.240437931430522,0.206617052737277,0.277697027250762,0.238526912936206,0.266501801672294,0.204322267086372,0.438340891472335,0.414036634428422,0.299543240874917,0.475952123572177,0.41931193439759,0.477138230012068,0.465253940840671,0.487329493596948,0.464554882549726,0.231203924545496,0.260985209766596,0.210638518141663,0.150158319851295,0.217946554929451,0.186650456765431,0.145523263696928,0.177220132615206,0.222988341328051,0.409658136401194,0.351236359917737,0.43959548200371,0.493342771981663,0.483473581378946,0.378347742779708,0.496458332393603,0.444330603595795,0.491010509164861,0.291191924368374,0.228144435103326,0.502531536500581,0.231071441225924,0.229651460944112,0.307289535862855,0.227401781903926,0.227746121378825,0.191815673909616
K16,0.214327615350426,0.139223259149632,0.154990927700409,0.296331131323089,0.222100008342878,0.2660503657379,0.185796044940919,0.26254869409246,0.210822983492063,0.0531146236169192,0.0768201275003215,0.0657947786204773,0.177256599146555,0.106903342362961,0.0738718423468736,0,0.0449921446269317,0.052839934825477,0.190719520129086,0.218331434730109,0.162083547668534,0.190992246784567,0.186682182379293,0.221458287758061,0.179853823098,0.202429985253499,0.267744679183651,0.109908944248267,0.124685236609222,0.0897672668998204,0.121109901095565,0.0984105185815839,0.105374000178694,0.12769567739683,0.12369143088193,0.155629201445363,0.210167373692089,0.238821608081049,0.325569344092741,0.336086587436329,0.265233756985461,0.267974882469308,0.25555414471614,0.371941931339571,0.300959523083476,0.25830264085028,0.244379982695221,0.234717030254495,0.271726705463794,0.255262642336725,0.279040355803893,0.203434410804867,0.284952860455756,0.221244287671956,0.438058273576361,0.395563584727783,0.288070528785471,0.583761196063946,0.420599183092555,0.52482568873483,0.465925497645164,0.497284652954564,0.480214778906042,0.257864938600119,0.302192095982223,0.247155063743389,0.188164991651085,0.228383353308328,0.21259917734492,0.17635967464116,0.177543757364371,0.217873475184365,0.447388270438819,0.412777879274316,0.487493950663759,0.51086252292023,0.521289447421685,0.380344538551131,0.499021245501436,0.471624340291626,0.531023084156905,0.365483264306799,0.28089084192095,0.53451001695457,0.227482530019248,0.227776540807153,0.315774751998066,0.24791978859168,0.251677309650958,0.218846850776649
K17,0.224416492607752,0.168174788117882,0.176290923294659,0.292689879045656,0.213985145829191,0.290646573763977,0.182866771621774,0.28968015789498,0.220946839128225,0.0683922159307131,0.0883847857429891,0.0735307800703314,0.20828154050363,0.119100791703745,0.0973060469014247,0.0449921446269317,0,0.0619629544052896,0.20578563419933,0.234594316263964,0.192982340541775,0.22580813758245,0.224989555741546,0.249154714317691,0.201125546301262,0.218057938365394,0.263291139035877,0.129289412212984,0.134627039001821,0.106588156166827,0.138558404758393,0.105422431023018,0.110949625250315,0.141109613026361,0.138585730524126,0.128724218865115,0.209502413050653,0.222679372923879,0.240200487064683,0.340335508580173,0.265812766674613,0.262751988109299,0.2708051283147,0.360155774453494,0.29486911052749,0.271486976941096,0.272091763324205,0.241951396205305,0.282096357433712,0.255580499249054,0.280611231840885,0.252998544957477,0.257680898453753,0.240973569190493,0.451007950165848,0.428390854574858,0.310509021713132,0.733888063063619,0.44774226940474,0.527132907967657,0.472017757002359,0.488058030120635,0.475548728180982,0.250196402670138,0.29843386293117,0.239170705778142,0.176907527284432,0.238229489750994,0.213188495772678,0.168819984361866,0.196764297113059,0.220263075053885,0.430480085523638,0.39430755178699,0.462082480486023,0.493779564221192,0.499145309003325,0.39793820056501,0.490187962915075,0.468301075998763,0.53301992129237,0.351999649399094,0.257732514372565,0.546463907304022,0.219001301655861,0.208605129487968,0.304928529578108,0.230758116086373,0.225384103195278,0.1871345692699
K18,0.246780068042435,0.136423488397757,0.220962579720026,0.246719987342059,0.267221420944429,0.347152717339873,0.221299922540789,0.270947620326243,0.233615077152846,0.0514535628749716,0.164159752075064,0.0599198225294369,0.211737374207517,0.207370629208154,0.151932998439735,0.052839934825477,0.0619629544052896,0,0.257196935687542,0.286069473181843,0.241268357164704,0.234039092146271,0.238624771038044,0.271603635138583,0.218181339120247,0.26218277352195,0.292560936797884,0.112750773882408,0.120863225222585,0.106271103488239,0.0943323892061347,0.0845861285243668,0.104247328933553,0.113394422113009,0.0941291022410835,0.0985166771094999,0.205609373402637,0.240348009779378,0.290240703188905,0.389446185467063,0.222546860783627,0.293691322517608,0.235840436939989,0.372573938596311,0.286955273536816,0.311871434218603,0.306128166273811,0.259480606957137,0.314908778620289,0.273761880211453,0.347581789445037,0.3842981537112,0.340269728050511,0.291525703701796,0.445343459311957,0.349495875035126,0.324925504544587,0.683204969538595,0.44540855202672,0.432179586624281,0.434031244528986,0.263432860341643,0.389328041331435,0.28018016145417,0.303876365219165,0.244273419587106,0.107974217759115,0.263735695647861,0.132164085083737,0.11186420080055,0.218254465253542,0.168839798172846,0.415090072064958,0.358596241644769,0.330288666837027,0.417494714981121,0.447037583764746,0.315090822274262,0.306479699467596,0.280429690948324,0.377827855572237,0.411021924528728,0.28563398493511,0.537676061787404,0.210338288458153,0.276788794174828,0.404752045272073,0.189410340380355,0.187091005704117,0.230207267414054
K19,0.193666908076735,0.144281430415893,0.130811778140801,0.274541660729881,0.243632875004954,0.282797201354187,0.172356628722415,0.233038916936678,0.185026692015167,0.174690806819755,0.205659353455942,0.190819219014357,0.355747932563854,0.186070023014203,0.199482404610638,0.190719520129086,0.20578563419933,0.257196935687542,0,0.114625362423079,0.0872738989105054,0.17521702259952,0.129070606048694,0.1399827518392,0.138785708795661,0.112556983123234,0.235525959492813,0.162930843467465,0.221765727411804,0.148794424104168,0.245888928209098,0.157100896565984,0.184310429697373,0.248375823693141,0.210471229216332,0.282859877988499,0.256816830929838,0.301506017797358,0.372068755054844,0.3261947475846,0.311115076180431,0.293093021295643,0.273273411268709,0.328293965105404,0.308141203045136,0.330688052647238,0.285803684913717,0.344701861336445,0.3540825942483,0.316519153878676,0.417889878457654,0.404649503535367,0.352958315286703,0.300576713795708,0.400958757958633,0.299014516225352,0.32037231456716,0.453559352547163,0.400048278567267,0.377934372386989,0.408846896231149,0.347853894854209,0.364717189230261,0.328187297366381,0.321462823554527,0.304133068142541,0.260909084767009,0.325733826778294,0.250264074938473,0.272037004646676,0.238979054844285,0.277783281794166,0.394441122914722,0.314443705263427,0.333269864373204,0.464883478448378,0.408452971581366,0.295736344388941,0.304534712657095,0.323336237534196,0.38903926029902,0.412893462051143,0.36329073779398,0.493172712588342,0.334436381127369,0.471333034107334,0.461380749907474,0.307500298252888,0.321487214175232,0.274234052141362
K20,0.192903772705125,0.176264309301373,0.154453120627758,0.269700523507704,0.254208803722615,0.262595611020064,0.211784719206062,0.254574450195714,0.227808890568256,0.16369650275845,0.20640394397605,0.200976784233387,0.377615200962226,0.240723417948914,0.220435731889703,0.218331434730109,0.234594316263964,0.286069473181843,0.114625362423079,0,0.144445673540788,0.207793323366365,0.109548294610789,0.109004387602111,0.14501648343748,0.117440034268971,0.229524710078212,0.205275310567144,0.222608425984964,0.174321541210219,0.187404907925123,0.18434779367578,0.185012763732279,0.198256620853891,0.194315928369191,0.265230594492626,0.276955149249786,0.327266427537388,0.377648017368881,0.403404222026049,0.33513089632733,0.31436069917337,0.276253841180345,0.366230459101103,0.304098403099733,0.378859974450694,0.353518021488682,0.338372067068015,0.385841428900071,0.33521548304098,0.419279877308194,0.354141534752367,0.422583760666428,0.324394813068524,0.381345499729589,0.311165305611711,0.308829863165118,0.723476915117073,0.43583330027847,0.41944377342234,0.428831755777041,0.350449220402068,0.325238075036658,0.302242338315629,0.322820250084516,0.271945411627925,0.239860363474575,0.327061286611908,0.268395455493441,0.237533384957449,0.200390827980551,0.220579565416916,0.414421531840257,0.37666417528114,0.375023299522498,0.411434909393415,0.423543355068781,0.262576081266541,0.332178590002085,0.330303650266185,0.376163662550776,0.405670544300352,0.340291621985125,0.4633157209853,0.324795828389706,0.409628560446069,0.437833008890453,0.325927995596528,0.319084857217522,0.274210877888422
K21,0.229255426026159,0.148717606452121,0.11882161405109,0.293557000862916,0.265841073123623,0.252493061458025,0.17496044873097,0.269300896633428,0.208573895263217,0.124161124580662,0.150120576325904,0.169624413744532,0.352532050791136,0.159827277053669,0.181113392050019,0.162083547668534,0.192982340541775,0.241268357164704,0.0872738989105054,0.144445673540788,0,0.140312594934623,0.157058814147487,0.168924551990744,0.142194207178781,0.154368136641235,0.240968637306352,0.139837593174647,0.211337576730052,0.126897870689091,0.22367921110856,0.13460879948746,0.146607661575435,0.194792323618006,0.176121642885058,0.213426172255322,0.267372445665227,0.276389363297407,0.388160645141491,0.409588271585333,0.30528722515958,0.31902860144464,0.261141755394677,0.441371391617767,0.332899186273202,0.308351360855938,0.28455322835715,0.376725076791848,0.3668126385736,0.318087156063643,0.419751806971988,0.368544419035216,0.383802819758211,0.305298281260018,0.409905036798406,0.29970349464591,0.282776577953821,0.550489296743886,0.422748536584694,0.417531071072128,0.43409214028531,0.372182483742584,0.393336756090022,0.327693201204523,0.338101641033837,0.314197510523631,0.264833831732905,0.342903733423288,0.276122602569835,0.267978338502082,0.225460691581316,0.292446975952401,0.303518664420131,0.367375362675333,0.389526753757986,0.47718458140805,0.403600484844445,0.29585402918645,0.323718782781654,0.405136646312115,0.472905412651674,0.414427841194082,0.35192107197479,0.502882255005429,0.331988548335251,0.44796571180051,0.464697016386445,0.302853210290357,0.313594432129815,0.267313189644385
K22,0.212454702426718,0.171411928602828,0.170437091394501,0.294999698037576,0.271301971875641,0.307297633856402,0.192737349192785,0.290016093596982,0.183302887293448,0.190485727703722,0.207439986109791,0.219169423382584,0.269392212663716,0.222705584721518,0.213018223425537,0.190992246784567,0.22580813758245,0.234039092146271,0.17521702259952,0.207793323366365,0.140312594934623,0,0.103932604511182,0.156055340295666,0.101071000630901,0.17094648863638,0.159830489802001,0.179957503001118,0.188314377645936,0.162938875242706,0.248948411578458,0.152977065753331,0.158013774403551,0.247867737691842,0.221707124762167,0.27848078051138,0.301328998811146,0.333836608843349,0.383596242151117,0.393292529573765,0.312521509388311,0.281335696523358,0.223823847356444,0.36035581444392,0.269335986167203,0.327748337283392,0.293559531807951,0.322170555290888,0.36269650155582,0.291523635972408,0.400604015474443,0.410233283174162,0.340380340111085,0.304153479646981,0.417988473962997,0.296590869648984,0.304308339287331,0.660208507653834,0.387720858277751,0.375817755480099,0.396650860975152,0.319844930264355,0.352123174736296,0.289179234246184,0.287327578461631,0.280029318866224,0.20699407707325,0.301204995814144,0.216682390798227,0.249511137495441,0.247137181844945,0.267725639339835,0.357287631464047,0.291437411207257,0.299704218959267,0.440865276057626,0.379918245525448,0.302981193205176,0.258258427846756,0.324446291287195,0.355445073197524,0.418878765597776,0.304750490959904,0.588121275960169,0.3430661613993,0.426912603122313,0.479088442557802,0.29684192197204,0.256934004723718,0.23264846672277
K23,0.153720133798377,0.127672095717366,0.118510131597114,0.244305590037271,0.225346669260794,0.265915437926673,0.142260353190004,0.220060209082368,0.145886214743915,0.132878917269869,0.180566913773254,0.179813210093057,0.31401549569801,0.20998023928187,0.175760310491982,0.186682182379293,0.224989555741546,0.238624771038044,0.129070606048694,0.109548294610789,0.157058814147487,0.103932604511182,0,0.089108283108964,0.0813822908121151,0.0758170161090954,0.146854914282481,0.168437672895129,0.176265200700819,0.154368223756783,0.212824515008782,0.173636434487138,0.157135987487847,0.214824976239077,0.218725868306272,0.270014762242134,0.265694515330081,0.313714389806326,0.358622446703117,0.368275610571153,0.301996978273917,0.270550271387173,0.208416386885568,0.382952266672036,0.304816121857964,0.277640759006485,0.233994096329916,0.286797436155749,0.332193558475884,0.256551402878374,0.351255876005918,0.367945504668081,0.337804515651288,0.265077622800204,0.432985908272961,0.376929620270978,0.282324637273657,0.642134015885775,0.408481292262936,0.472568694350088,0.454661231793423,0.489856282713574,0.438590126839161,0.273058503047509,0.30279029263887,0.2452839794601,0.182002342952731,0.250143752641605,0.19111869648751,0.197996858122947,0.188905578052999,0.241714401626851,0.405181889494383,0.313044359779119,0.483089446610479,0.474279407945733,0.451467499766229,0.378782200393505,0.505170101635522,0.427247979201418,0.527439015414601,0.378822194780703,0.275936084322688,0.503131729806607,0.309979147963741,0.381719224755329,0.420405557625435,0.295068036937559,0.268571515956389,0.223685074604258
K24,0.15283762077734,0.154231947086236,0.121988023128603,0.267604789275319,0.217725533704,0.22976989042209,0.173309892639539,0.222976904145708,0.170992099586432,0.161325516639691,0.208851715946229,0.217222326797548,0.405660033813976,0.241438411693053,0.198615923533723,0.221458287758061,0.249154714317691,0.271603635138583,0.1399827518392,0.109004387602111,0.168924551990744,0.156055340295666,0.089108283108964,0,0.117908568130356,0.095259117217967,0.173271292032169,0.172545658611264,0.184699627168263,0.170494101386195,0.220084146780725,0.18971849896506,0.162765324843736,0.216818950253025,0.242470638151119,0.268482568911196,0.275584821362132,0.30894498484201,0.365760477720617,0.350811563822265,0.319203545730155,0.267991434094356,0.251067711906596,0.362481669001251,0.341684366987156,0.289989661059241,0.289531671934437,0.31370073608123,0.377952200839816,0.300827716072789,0.379821403800594,0.271775928261748,0.273479134058625,0.271557115130028,0.449422379128398,0.405104048816835,0.304905487980829,0.780011663222142,0.461665230755474,0.515413032386911,0.498309375305816,0.509228967922406,0.46465093987816,0.314616927169189,0.340253383449809,0.266834391911388,0.22236946796276,0.325173054256186,0.235906690478439,0.245959180424909,0.222655729602067,0.267546187173608,0.394513348664759,0.36159294837261,0.540148595691947,0.495728326265553,0.49378424119148,0.409349928952772,0.557924322501318,0.496966018310141,0.583405288955563,0.420817437910847,0.337434208496527,0.506721104333452,0.341149815901861,0.34321823056272,0.430935061974155,0.321736614099286,0.293481118460899,0.265953346995143
